总区域数: 20
区域 ID: 0, 面积: 610, 是否是边界区域: 1, 是否是被包围区域: 0
区域 ID: 1, 面积: 899, 是否是边界区域: 1, 是否是被包围区域: 0
区域 ID: 2, 面积: 161, 是否是边界区域: 0, 是否是被包围区域: 0
区域 ID: 3, 面积: 171, 是否是边界区域: 0, 是否是被包围区域: 0
区域 ID: 4, 面积: 289, 是否是边界区域: 0, 是否是被包围区域: 0
区域 ID: 5, 面积: 257, 是否是边界区域: 0, 是否是被包围区域: 0
区域 ID: 6, 面积: 354, 是否是边界区域: 1, 是否是被包围区域: 0
区域 ID: 7, 面积: 652, 是否是边界区域: 0, 是否是被包围区域: 0
区域 ID: 8, 面积: 266, 是否是边界区域: 0, 是否是被包围区域: 0
区域 ID: 9, 面积: 77, 是否是边界区域: 0, 是否是被包围区域: 1
区域 ID: 10, 面积: 218, 是否是边界区域: 1, 是否是被包围区域: 0
区域 ID: 11, 面积: 294, 是否是边界区域: 0, 是否是被包围区域: 0
区域 ID: 12, 面积: 89, 是否是边界区域: 0, 是否是被包围区域: 0
区域 ID: 13, 面积: 121, 是否是边界区域: 0, 是否是被包围区域: 0
区域 ID: 14, 面积: 161, 是否是边界区域: 0, 是否是被包围区域: 0
区域 ID: 15, 面积: 313, 是否是边界区域: 0, 是否是被包围区域: 0
区域 ID: 16, 面积: 350, 是否是边界区域: 0, 是否是被包围区域: 0
区域 ID: 17, 面积: 289, 是否是边界区域: 0, 是否是被包围区域: 0
区域 ID: 18, 面积: 249, 是否是边界区域: 1, 是否是被包围区域: 0
区域 ID: 19, 面积: 21, 是否是边界区域: 0, 是否是被包围区域: 1

------------------------邻接表-----------------------
区域 0: -> 1 -> 2 -> 3 -> 4 -> 5 -> 6 
区域 1: -> 0 -> 3 -> 7 -> 8 
区域 2: -> 0 -> 3 -> 5 -> 8 
区域 3: -> 0 -> 1 -> 2 -> 8 
区域 4: -> 0 -> 5 -> 6 -> 10 -> 12 -> 14 
区域 5: -> 0 -> 2 -> 4 -> 8 -> 11 -> 12 
区域 6: -> 0 -> 4 -> 10 
区域 7: -> 1 -> 8 -> 9 -> 13 -> 15 -> 17 -> 19 
区域 8: -> 1 -> 2 -> 3 -> 5 -> 7 -> 11 -> 13 
区域 9: -> 7 
区域 10: -> 4 -> 6 -> 14 -> 18 
区域 11: -> 5 -> 8 -> 12 -> 13 -> 16 -> 18 
区域 12: -> 4 -> 5 -> 11 -> 14 -> 18 
区域 13: -> 7 -> 8 -> 11 -> 15 -> 16 
区域 14: -> 4 -> 10 -> 12 -> 18 
区域 15: -> 7 -> 13 -> 16 -> 17 
区域 16: -> 11 -> 13 -> 15 -> 18 
区域 17: -> 7 -> 15 
区域 18: -> 10 -> 11 -> 12 -> 14 -> 16 
区域 19: -> 7 

------------------------邻接矩阵-----------------------
     0  1  2  3  4  5  6  7  8  9 10 11 12 13 14 15 16 17 18 19
  0  0  1  1  1  1  1  1  0  0  0  0  0  0  0  0  0  0  0  0  0
  1  1  0  0  1  0  0  0  1  1  0  0  0  0  0  0  0  0  0  0  0
  2  1  0  0  1  0  1  0  0  1  0  0  0  0  0  0  0  0  0  0  0
  3  1  1  1  0  0  0  0  0  1  0  0  0  0  0  0  0  0  0  0  0
  4  1  0  0  0  0  1  1  0  0  0  1  0  1  0  1  0  0  0  0  0
  5  1  0  1  0  1  0  0  0  1  0  0  1  1  0  0  0  0  0  0  0
  6  1  0  0  0  1  0  0  0  0  0  1  0  0  0  0  0  0  0  0  0
  7  0  1  0  0  0  0  0  0  1  1  0  0  0  1  0  1  0  1  0  1
  8  0  1  1  1  0  1  0  1  0  0  0  1  0  1  0  0  0  0  0  0
  9  0  0  0  0  0  0  0  1  0  0  0  0  0  0  0  0  0  0  0  0
 10  0  0  0  0  1  0  1  0  0  0  0  0  0  0  1  0  0  0  1  0
 11  0  0  0  0  0  1  0  0  1  0  0  0  1  1  0  0  1  0  1  0
 12  0  0  0  0  1  1  0  0  0  0  0  1  0  0  1  0  0  0  1  0
 13  0  0  0  0  0  0  0  1  1  0  0  1  0  0  0  1  1  0  0  0
 14  0  0  0  0  1  0  0  0  0  0  1  0  1  0  0  0  0  0  1  0
 15  0  0  0  0  0  0  0  1  0  0  0  0  0  1  0  0  1  1  0  0
 16  0  0  0  0  0  0  0  0  0  0  0  1  0  1  0  1  0  0  1  0
 17  0  0  0  0  0  0  0  1  0  0  0  0  0  0  0  1  0  0  0  0
 18  0  0  0  0  0  0  0  0  0  0  1  1  1  0  1  0  1  0  0  0
 19  0  0  0  0  0  0  0  1  0  0  0  0  0  0  0  0  0  0  0  0
